63
1
1.001805647667
1.0041718309337
1.0076424870345
1.0113440627986
1.0133232007564
1.017225290326
1.0220744691978
1.025213145389
1.0244518202899
1.0247091539219
1.0254863145335
1.0252594194629
1.0279917802497
1.0304007771256
1.0284413249733
1.0291237283347
1.0299429768156
1.0305738782248
1.0308961067992
1.0314187324539
1.0316757586332
1.031803428181
1.0324772986909
1.0335911789744
1.0344063132189
1.0350187498022
1.0351737747051
1.0346700886197
1.0356197324993
1.0359031901242
1.0369190614417
1.0383743198369
1.0395006777457
1.0353091556936
1.0380689312664
1.0395526814566
1.0384116109374
1.0368981137232
1.0360587750217
1.0365074727359
1.037824817514
1.0388242082522
1.0399245539934
1.0365086470077
1.0378210451153
1.0400653664206
1.0409963424182
1.0394680690626
1.0363936107807
1.0364376612905
1.0447024020201
1.0581022389729
1.0655523743579
1.0645324090104
1.0640947650838
1.0652557068932
1.0625384276288
1.0570234852253
1.0553932876083
1.0511804524377
1.0435910988175
1.0460631833344
