256
1.0263434069144
1.0249733879279
1.0238160502457
1.0221941806541
1.0199273864114
1.017723412535
1.015870689747
1.0144535316464
1.0134094243792
1.0124158510676
1.0105889712308
1.0088088812309
1.0075597556494
1.0068833847522
1.0064715187288
1.0051721095576
1.003365600371
1.0020684960477
1.0014790453708
1.0012592877
1.0004476772964
1
1.0004429404944
1.0013412687542
1.00134295191
1.0015259630756
1.0026333366322
1.0040536505283
1.0044725495411
1.0056053606305
1.0078230646646
1.0090715222808
1.0101797179841
1.0126258863509
1.0140994027036
1.0129769116199
1.0129978437503
1.0131036256765
1.0086060342419
1.008967463576
1.0087355018666
1.0091539558395
1.0104684096774
1.0110200627952
1.010401033499
1.0105374482484
1.0114232765524
1.0114948914109
1.0122860483884
1.0141444847505
1.0145273636302
1.0111668067735
1.0121066551583
1.0136110292851
1.0151182344986
1.0156043202805
1.0162418168074
1.0175500256212
1.0192634129414
1.0200059723212
1.0205104138812
1.021850137949
1.0238157969912
1.024105042323
1.0263122576916
1.0289260763984
1.0306435965342
1.0328008044689
1.036186690016
1.0399405952652
1.039690276989
1.037940067368
1.0370179506993
1.0364883367573
1.0346925909781
1.0337772289942
1.0338853448974
1.0330563476931
1.0333299911559
1.0345412261529
1.0341802855939
1.035297326355
1.03708918646
1.0397350274074
1.0445507500792
1.0461544806283
1.0484234468119
1.0481339204343
1.0413159012839
1.0384239127172
1.0376040064815
1.0387494643066
1.0398404413118
1.0439262966938
1.0406305906721
1.0391195429686
1.0341849294405
1.0320456713337
1.0297848658453
1.0289561316403
1.0278044431337
1.0257773571977
1.0254843126468
1.0238738303353
1.023166797976
1.0242376562432
1.0267856445782
1.0270579481407
1.0282860021129
1.0301365592655
1.0315139806251
1.030826545882
1.0293117851861
1.0283467871506
1.0292029648174
1.030330045518
1.0318248633953
1.0318367823094
1.0331570087756
1.0341754221655
1.03398877267
1.0343862903083
1.035211854472
1.036345308093
1.0364826152937
1.036795581276
1.0371407949531
1.0387356679367
1.0380000130774
1.0389262456725
1.0394292119188
1.0409888061915
1.0422818583394
1.0430618800983
1.0436853823521
1.0433903309763
1.0437659047424
1.0431463902776
1.0406248244996
1.0401505868762
1.0417306169467
1.0429009193724
1.0445102854826
1.0469311022411
1.0492239531286
1.0523217501653
1.0521026333329
1.0509213583779
1.0499313934604
1.0486803143996
1.0481314754113
1.0474556463262
1.0468749315873
1.048177852336
1.0482522403931
1.0498010998298
1.0493229460414
1.0499016183069
1.048951842025
1.0494349687031
1.0494101043669
1.0499486959521
1.0478582549359
1.0483398744321
1.050782128085
1.0517051440671
1.0516424768069
1.0522669927209
1.053271608787
1.0544038946525
1.0544751994928
1.055714335546
1.0560949911722
1.0556120879671
1.056836420432
1.0585302464293
1.060883458813
1.0611263367611
1.0632973508537
1.0650310997033
1.0676484224497
1.0673610342144
1.0707770562339
1.073183500015
1.0754088789924
1.0758465949515
1.0748070576468
1.072071069545
1.0691162418741
1.0666396343788
1.0655581219433
1.0630159877521
1.0623159151894
1.0603326000231
1.0605338311087
1.0588817380129
1.0585292689629
1.059375114474
1.0598719433845
1.060033554573
1.0585878510755
1.0574725171331
1.0588866809319
1.0579081948458
1.0581130219987
1.0572829376584
1.0580828553567
1.0573058243576
1.0557643754892
1.0569457852765
1.0542971028177
1.0543450837873
1.0548670302587
1.0527925195789
1.0520768315876
1.0505362439283
1.0493526451845
1.0473687178862
1.0472762488995
1.0473090765944
1.0496818378719
1.0511160508067
1.0534912490147
1.0538540700899
1.0546058315668
1.0545956966269
1.0550843991442
1.0553465841623
1.0537331802834
1.0541089263357
1.0550587876998
1.0559127859389
1.0563903777268
1.0551751786908
1.05606576096
1.0559991657815
1.0561569439987
1.0554718192224
1.0560184746114
1.0555867265436
1.0547718472968
1.0548898343656
1.0550142521698
1.055612163256
1.0555809194884
1.0555960057933
1.0551527852866
1.0550920890384
1.0545854491035
1.0559441705959
1.0549887496137
1.0560414599256
1.0574887104735
1.0572591478114
1.0576544861684
1.0576552490031
